0.22080307740481417 0.38783415743010724 0.38783415743010724 0.22080307740481417 0.38783415743010724 0.38783415743010724 0.38783415743010724 0.38783415743010724 0.0 0.0 0.0 0.0 0.0 0.0 0.0 0.0 0.0 0.0 0.0 0.0 0.0 0.0 0.0 0.0 0.0 0.0 0.0 0.0 0.0 0.0 0.0 0.0 0.0 0.0 0.0 0.0 0.0 
0.0 0.0 0.0 0.0 0.0 0.0 0.0 0.0 0.25279413628748526 0.25279413628748526 0.25279413628748526 0.25279413628748526 0.25279413628748526 0.25279413628748526 0.25279413628748526 0.25279413628748526 0.25279413628748526 0.0 0.0 0.0 0.0 0.0 0.0 0.0 0.0 0.0 0.0 0.0 0.0 0.0 0.0 0.0 0.0 0.0 0.0 0.0 0.0 
0.12145641026348986 0.0 0.0 0.0 0.0 0.0 0.0 0.0 0.0 0.0 0.0 0.0 0.0 0.0 0.0 0.0 0.0 0.21333463778072773 0.21333463778072773 0.21333463778072773 0.21333463778072773 0.21333463778072773 0.21333463778072773 0.0 0.0 0.0 0.0 0.0 0.0 0.0 0.0 0.0 0.0 0.0 0.0 0.0 0.0 
0.0 0.0 0.0 0.0 0.0 0.0 0.0 0.0 0.0 0.0 0.0 0.0 0.0 0.0 0.0 0.0 0.0 0.0 0.0 0.0 0.0 0.0 0.0 0.10896962362649072 0.19140196169989837 0.19140196169989837 0.19140196169989837 0.19140196169989837 0.19140196169989837 0.0 0.0 0.0 0.0 0.0 0.0 0.0 0.0 
0.0 0.0 0.0 0.09496010387642767 0.0 0.0 0.0 0.0 0.0 0.0 0.0 0.0 0.0 0.0 0.0 0.0 0.0 0.0 0.0 0.0 0.0 0.0 0.0 0.09496010387642767 0.0 0.0 0.0 0.0 0.0 0.16679464937378996 0.16679464937378996 0.16679464937378996 0.16679464937378996 0.16679464937378996 0.16679464937378996 0.16679464937378996 0.16679464937378996 
0.0872348021838762 0.15322538254998097 0.15322538254998097 0.0872348021838762 0.15322538254998097 0.15322538254998097 0.15322538254998097 0.15322538254998097 0.0 0.0 0.0 0.0 0.0 0.0 0.0 0.0 0.0 0.0 0.0 0.0 0.0 0.0 0.0 0.0 0.0 0.0 0.0 0.0 0.0 0.0 0.0 0.0 0.0 0.0 0.0 0.0 0.0 
0.0 0.0 0.0 0.0 0.0 0.0 0.0 0.0 0.13922091006507023 0.13922091006507023 0.13922091006507023 0.13922091006507023 0.13922091006507023 0.13922091006507023 0.13922091006507023 0.13922091006507023 0.13922091006507023 0.0 0.0 0.0 0.0 0.0 0.0 0.0 0.0 0.0 0.0 0.0 0.0 0.0 0.0 0.0 0.0 0.0 0.0 0.0 0.0 
0.07480927183141131 0.0 0.0 0.0 0.0 0.0 0.0 0.0 0.0 0.0 0.0 0.0 0.0 0.0 0.0 0.0 0.0 0.1314003013440911 0.1314003013440911 0.1314003013440911 0.1314003013440911 0.1314003013440911 0.1314003013440911 0.0 0.0 0.0 0.0 0.0 0.0 0.0 0.0 0.0 0.0 0.0 0.0 0.0 0.0 
0.0 0.0 0.0 0.0 0.0 0.0 0.0 0.0 0.0 0.0 0.0 0.0 0.0 0.0 0.0 0.0 0.0 0.0 0.0 0.0 0.0 0.0 0.0 0.0715910447059333 0.12574757937889777 0.12574757937889777 0.12574757937889777 0.12574757937889777 0.12574757937889777 0.0 0.0 0.0 0.0 0.0 0.0 0.0 0.0 
0.0 0.0 0.0 0.06714693339320103 0.0 0.0 0.0 0.0 0.0 0.0 0.0 0.0 0.0 0.0 0.0 0.0 0.0 0.0 0.0 0.0 0.0 0.0 0.0 0.06714693339320103 0.0 0.0 0.0 0.0 0.0 0.11794162763783954 0.11794162763783954 0.11794162763783954 0.11794162763783954 0.11794162763783954 0.11794162763783954 0.11794162763783954 0.11794162763783954 
0.06424209227123923 0.11283935903612566 0.11283935903612566 0.06424209227123923 0.11283935903612566 0.11283935903612566 0.11283935903612566 0.11283935903612566 0.0 0.0 0.0 0.0 0.0 0.0 0.0 0.0 0.0 0.0 0.0 0.0 0.0 0.0 0.0 0.0 0.0 0.0 0.0 0.0 0.0 0.0 0.0 0.0 0.0 0.0 0.0 0.0 0.0 
0.0 0.0 0.0 0.0 0.0 0.0 0.0 0.0 0.10688140765817764 0.10688140765817764 0.10688140765817764 0.10688140765817764 0.10688140765817764 0.10688140765817764 0.10688140765817764 0.10688140765817764 0.10688140765817764 0.0 0.0 0.0 0.0 0.0 0.0 0.0 0.0 0.0 0.0 0.0 0.0 0.0 0.0 0.0 0.0 0.0 0.0 0.0 0.0 
0.05876440029403106 0.0 0.0 0.0 0.0 0.0 0.0 0.0 0.0 0.0 0.0 0.0 0.0 0.0 0.0 0.0 0.0 0.10321795304119331 0.10321795304119331 0.10321795304119331 0.10321795304119331 0.10321795304119331 0.10321795304119331 0.0 0.0 0.0 0.0 0.0 0.0 0.0 0.0 0.0 0.0 0.0 0.0 0.0 0.0 
0.0 0.0 0.0 0.0 0.0 0.0 0.0 0.0 0.0 0.0 0.0 0.0 0.0 0.0 0.0 0.0 0.0 0.0 0.0 0.0 0.0 0.0 0.0 0.057165463836031154 0.1004094678458726 0.1004094678458726 0.1004094678458726 0.1004094678458726 0.1004094678458726 0.0 0.0 0.0 0.0 0.0 0.0 0.0 0.0 
0.0 0.0 0.0 0.054825241535330395 0.0 0.0 0.0 0.0 0.0 0.0 0.0 0.0 0.0 0.0 0.0 0.0 0.0 0.0 0.0 0.0 0.0 0.0 0.0 0.054825241535330395 0.0 0.0 0.0 0.0 0.0 0.09629893571534698 0.09629893571534698 0.09629893571534698 0.09629893571534698 0.09629893571534698 0.09629893571534698 0.09629893571534698 0.09629893571534698 
0.05320952172719014 0.09346097105562277 0.09346097105562277 0.05320952172719014 0.09346097105562277 0.09346097105562277 0.09346097105562277 0.09346097105562277 0.0 0.0 0.0 0.0 0.0 0.0 0.0 0.0 0.0 0.0 0.0 0.0 0.0 0.0 0.0 0.0 0.0 0.0 0.0 0.0 0.0 0.0 0.0 0.0 0.0 0.0 0.0 0.0 0.0 
0.0 0.0 0.0 0.0 0.0 0.0 0.0 0.0 0.08999059973962048 0.08999059973962048 0.08999059973962048 0.08999059973962048 0.08999059973962048 0.08999059973962048 0.08999059973962048 0.08999059973962048 0.08999059973962048 0.0 0.0 0.0 0.0 0.0 0.0 0.0 0.0 0.0 0.0 0.0 0.0 0.0 0.0 0.0 0.0 0.0 0.0 0.0 0.0 
0.04997013125896207 0.0 0.0 0.0 0.0 0.0 0.0 0.0 0.0 0.0 0.0 0.0 0.0 0.0 0.0 0.0 0.0 0.08777107629691429 0.08777107629691429 0.08777107629691429 0.08777107629691429 0.08777107629691429 0.08777107629691429 0.0 0.0 0.0 0.0 0.0 0.0 0.0 0.0 0.0 0.0 0.0 0.0 0.0 0.0 
0.0 0.0 0.0 0.0 0.0 0.0 0.0 0.0 0.0 0.0 0.0 0.0 0.0 0.0 0.0 0.0 0.0 0.0 0.0 0.0 0.0 0.0 0.0 0.04897583226489361 0.08602461914998263 0.08602461914998263 0.08602461914998263 0.08602461914998263 0.08602461914998263 0.0 0.0 0.0 0.0 0.0 0.0 0.0 0.0 
0.0 0.0 0.0 0.047480051938213856 0.0 0.0 0.0 0.0 0.0 0.0 0.0 0.0 0.0 0.0 0.0 0.0 0.0 0.0 0.0 0.0 0.0 0.0 0.0 0.047480051938213856 0.0 0.0 0.0 0.0 0.0 0.08339732468689502 0.08339732468689502 0.08339732468689502 0.08339732468689502 0.08339732468689502 0.08339732468689502 0.08339732468689502 0.08339732468689502 
0.04641898621410326 0.08153359372840871 0.08153359372840871 0.04641898621410326 0.08153359372840871 0.08153359372840871 0.08153359372840871 0.08153359372840871 0.0 0.0 0.0 0.0 0.0 0.0 0.0 0.0 0.0 0.0 0.0 0.0 0.0 0.0 0.0 0.0 0.0 0.0 0.0 0.0 0.0 0.0 0.0 0.0 0.0 0.0 0.0 0.0 0.0 
0.0 0.0 0.0 0.0 0.0 0.0 0.0 0.0 0.07919879510247307 0.07919879510247307 0.07919879510247307 0.07919879510247307 0.07919879510247307 0.07919879510247307 0.07919879510247307 0.07919879510247307 0.07919879510247307 0.0 0.0 0.0 0.0 0.0 0.0 0.0 0.0 0.0 0.0 0.0 0.0 0.0 0.0 0.0 0.0 0.0 0.0 0.0 0.0 
0.04422118217259945 0.0 0.0 0.0 0.0 0.0 0.0 0.0 0.0 0.0 0.0 0.0 0.0 0.0 0.0 0.0 0.0 0.07767321511117424 0.07767321511117424 0.07767321511117424 0.07767321511117424 0.07767321511117424 0.07767321511117424 0.0 0.0 0.0 0.0 0.0 0.0 0.0 0.0 0.0 0.0 0.0 0.0 0.0 0.0 
0.0 0.0 0.0 0.0 0.0 0.0 0.0 0.0 0.0 0.0 0.0 0.0 0.0 0.0 0.0 0.0 0.0 0.0 0.0 0.0 0.0 0.0 0.0 0.04352762873908738 0.07645500875879734 0.07645500875879734 0.07645500875879734 0.07645500875879734 0.07645500875879734 0.0 0.0 0.0 0.0 0.0 0.0 0.0 0.0 
0.0 0.0 0.0 0.04246744948362669 0.0 0.0 0.0 0.0 0.0 0.0 0.0 0.0 0.0 0.0 0.0 0.0 0.0 0.0 0.0 0.0 0.0 0.0 0.0 0.04246744948362669 0.0 0.0 0.0 0.0 0.0 0.07459283485660739 0.07459283485660739 0.07459283485660739 0.07459283485660739 0.07459283485660739 0.07459283485660739 0.07459283485660739 0.07459283485660739 
0.04170312285847434 0.07325031745987795 0.07325031745987795 0.04170312285847434 0.07325031745987795 0.07325031745987795 0.07325031745987795 0.07325031745987795 0.0 0.0 0.0 0.0 0.0 0.0 0.0 0.0 0.0 0.0 0.0 0.0 0.0 0.0 0.0 0.0 0.0 0.0 0.0 0.0 0.0 0.0 0.0 0.0 0.0 0.0 0.0 0.0 0.0 
0.0 0.0 0.0 0.0 0.0 0.0 0.0 0.0 0.07154325413789188 0.07154325413789188 0.07154325413789188 0.07154325413789188 0.07154325413789188 0.07154325413789188 0.07154325413789188 0.07154325413789188 0.07154325413789188 0.0 0.0 0.0 0.0 0.0 0.0 0.0 0.0 0.0 0.0 0.0 0.0 0.0 0.0 0.0 0.0 0.0 0.0 0.0 0.0 
0.04008760776466905 0.0 0.0 0.0 0.0 0.0 0.0 0.0 0.0 0.0 0.0 0.0 0.0 0.0 0.0 0.0 0.0 0.0704127123749049 0.0704127123749049 0.0704127123749049 0.0704127123749049 0.0704127123749049 0.0704127123749049 0.0 0.0 0.0 0.0 0.0 0.0 0.0 0.0 0.0 0.0 0.0 0.0 0.0 0.0 
0.0 0.0 0.0 0.0 0.0 0.0 0.0 0.0 0.0 0.0 0.0 0.0 0.0 0.0 0.0 0.0 0.0 0.0 0.0 0.0 0.0 0.0 0.0 0.03956876566501022 0.0695013813784101 0.0695013813784101 0.0695013813784101 0.0695013813784101 0.0695013813784101 0.0 0.0 0.0 0.0 0.0 0.0 0.0 0.0 
0.0 0.0 0.0 0.0387673000698224 0.0 0.0 0.0 0.0 0.0 0.0 0.0 0.0 0.0 0.0 0.0 0.0 0.0 0.0 0.0 0.0 0.0 0.0 0.0 0.0387673000698224 0.0 0.0 0.0 0.0 0.0 0.0680936304653691 0.0680936304653691 0.0680936304653691 0.0680936304653691 0.0680936304653691 0.0680936304653691 0.0680936304653691 0.0680936304653691 
0.03818324363638475 0.06706775239602213 0.06706775239602213 0.03818324363638475 0.06706775239602213 0.06706775239602213 0.06706775239602213 0.06706775239602213 0.0 0.0 0.0 0.0 0.0 0.0 0.0 0.0 0.0 0.0 0.0 0.0 0.0 0.0 0.0 0.0 0.0 0.0 0.0 0.0 0.0 0.0 0.0 0.0 0.0 0.0 0.0 0.0 0.0 
0.0 0.0 0.0 0.0 0.0 0.0 0.0 0.0 0.06575008368435983 0.06575008368435983 0.06575008368435983 0.06575008368435983 0.06575008368435983 0.06575008368435983 0.06575008368435983 0.06575008368435983 0.06575008368435983 0.0 0.0 0.0 0.0 0.0 0.0 0.0 0.0 0.0 0.0 0.0 0.0 0.0 0.0 0.0 0.0 0.0 0.0 0.0 0.0 
0.036931618940239094 0.0 0.0 0.0 0.0 0.0 0.0 0.0 0.0 0.0 0.0 0.0 0.0 0.0 0.0 0.0 0.0 0.06486931016798014 0.06486931016798014 0.06486931016798014 0.06486931016798014 0.06486931016798014 0.06486931016798014 0.0 0.0 0.0 0.0 0.0 0.0 0.0 0.0 0.0 0.0 0.0 0.0 0.0 0.0 
0.0 0.0 0.0 0.0 0.0 0.0 0.0 0.0 0.0 0.0 0.0 0.0 0.0 0.0 0.0 0.0 0.0 0.0 0.0 0.0 0.0 0.0 0.0 0.03652473373360854 0.06415462818465334 0.06415462818465334 0.06415462818465334 0.06415462818465334 0.06415462818465334 0.0 0.0 0.0 0.0 0.0 0.0 0.0 0.0 
0.0 0.0 0.0 0.035891545618555405 0.0 0.0 0.0 0.0 0.0 0.0 0.0 0.0 0.0 0.0 0.0 0.0 0.0 0.0 0.0 0.0 0.0 0.0 0.0 0.035891545618555405 0.0 0.0 0.0 0.0 0.0 0.06304245175132325 0.06304245175132325 0.06304245175132325 0.06304245175132325 0.06304245175132325 0.06304245175132325 0.06304245175132325 0.06304245175132325 
0.035426567638168885 0.06222573150735611 0.06222573150735611 0.035426567638168885 0.06222573150735611 0.06222573150735611 0.06222573150735611 0.06222573150735611 0.0 0.0 0.0 0.0 0.0 0.0 0.0 0.0 0.0 0.0 0.0 0.0 0.0 0.0 0.0 0.0 0.0 0.0 0.0 0.0 0.0 0.0 0.0 0.0 0.0 0.0 0.0 0.0 0.0 
0.0 0.0 0.0 0.0 0.0 0.0 0.0 0.0 0.061169037901027803 0.061169037901027803 0.061169037901027803 0.061169037901027803 0.061169037901027803 0.061169037901027803 0.061169037901027803 0.061169037901027803 0.061169037901027803 0.0 0.0 0.0 0.0 0.0 0.0 0.0 0.0 0.0 0.0 0.0 0.0 0.0 0.0 0.0 0.0 0.0 0.0 0.0 0.0 
0.034420112040917834 0.0 0.0 0.0 0.0 0.0 0.0 0.0 0.0 0.0 0.0 0.0 0.0 0.0 0.0 0.0 0.0 0.06045792164193904 0.06045792164193904 0.06045792164193904 0.06045792164193904 0.06045792164193904 0.06045792164193904 0.0 0.0 0.0 0.0 0.0 0.0 0.0 0.0 0.0 0.0 0.0 0.0 0.0 0.0 
0.0 0.0 0.0 0.0 0.0 0.0 0.0 0.0 0.0 0.0 0.0 0.0 0.0 0.0 0.0 0.0 0.0 0.0 0.0 0.0 0.0 0.0 0.0 0.03409000526672929 0.05987809873306416 0.05987809873306416 0.05987809873306416 0.05987809873306416 0.05987809873306416 0.0 0.0 0.0 0.0 0.0 0.0 0.0 0.0 
0.0 0.0 0.0 0.03357346669660042 0.0 0.0 0.0 0.0 0.0 0.0 0.0 0.0 0.0 0.0 0.0 0.0 0.0 0.0 0.0 0.0 0.0 0.0 0.0 0.03357346669660042 0.0 0.0 0.0 0.0 0.0 0.0589708138189196 0.0589708138189196 0.0589708138189196 0.0589708138189196 0.0589708138189196 0.0589708138189196 0.0589708138189196 0.0589708138189196 
