0.3979400086720376 0.6989700043360189 0.6989700043360189 0.3979400086720376 0.6989700043360189 0.6989700043360189 0.6989700043360189 0.6989700043360189 0.0 0.0 0.0 0.0 0.0 0.0 0.0 0.0 0.0 0.0 0.0 0.0 0.0 0.0 0.0 0.0 0.0 0.0 0.0 0.0 0.0 0.0 0.0 0.0 0.0 0.0 0.0 0.0 0.0 
0.0 0.0 0.0 0.0 0.0 0.0 0.0 0.0 0.6989700043360189 0.6989700043360189 0.6989700043360189 0.6989700043360189 0.6989700043360189 0.6989700043360189 0.6989700043360189 0.6989700043360189 0.6989700043360189 0.0 0.0 0.0 0.0 0.0 0.0 0.0 0.0 0.0 0.0 0.0 0.0 0.0 0.0 0.0 0.0 0.0 0.0 0.0 0.0 
0.3979400086720376 0.0 0.0 0.0 0.0 0.0 0.0 0.0 0.0 0.0 0.0 0.0 0.0 0.0 0.0 0.0 0.0 0.6989700043360189 0.6989700043360189 0.6989700043360189 0.6989700043360189 0.6989700043360189 0.6989700043360189 0.0 0.0 0.0 0.0 0.0 0.0 0.0 0.0 0.0 0.0 0.0 0.0 0.0 0.0 
0.0 0.0 0.0 0.0 0.0 0.0 0.0 0.0 0.0 0.0 0.0 0.0 0.0 0.0 0.0 0.0 0.0 0.0 0.0 0.0 0.0 0.0 0.0 0.3979400086720376 0.6989700043360189 0.6989700043360189 0.6989700043360189 0.6989700043360189 0.6989700043360189 0.0 0.0 0.0 0.0 0.0 0.0 0.0 0.0 
0.0 0.0 0.0 0.3979400086720376 0.0 0.0 0.0 0.0 0.0 0.0 0.0 0.0 0.0 0.0 0.0 0.0 0.0 0.0 0.0 0.0 0.0 0.0 0.0 0.3979400086720376 0.0 0.0 0.0 0.0 0.0 0.6989700043360189 0.6989700043360189 0.6989700043360189 0.6989700043360189 0.6989700043360189 0.6989700043360189 0.6989700043360189 0.6989700043360189 
0.3979400086720376 0.6989700043360189 0.6989700043360189 0.3979400086720376 0.6989700043360189 0.6989700043360189 0.6989700043360189 0.6989700043360189 0.0 0.0 0.0 0.0 0.0 0.0 0.0 0.0 0.0 0.0 0.0 0.0 0.0 0.0 0.0 0.0 0.0 0.0 0.0 0.0 0.0 0.0 0.0 0.0 0.0 0.0 0.0 0.0 0.0 
0.0 0.0 0.0 0.0 0.0 0.0 0.0 0.0 0.6989700043360189 0.6989700043360189 0.6989700043360189 0.6989700043360189 0.6989700043360189 0.6989700043360189 0.6989700043360189 0.6989700043360189 0.6989700043360189 0.0 0.0 0.0 0.0 0.0 0.0 0.0 0.0 0.0 0.0 0.0 0.0 0.0 0.0 0.0 0.0 0.0 0.0 0.0 0.0 
0.3979400086720376 0.0 0.0 0.0 0.0 0.0 0.0 0.0 0.0 0.0 0.0 0.0 0.0 0.0 0.0 0.0 0.0 0.6989700043360189 0.6989700043360189 0.6989700043360189 0.6989700043360189 0.6989700043360189 0.6989700043360189 0.0 0.0 0.0 0.0 0.0 0.0 0.0 0.0 0.0 0.0 0.0 0.0 0.0 0.0 
0.0 0.0 0.0 0.0 0.0 0.0 0.0 0.0 0.0 0.0 0.0 0.0 0.0 0.0 0.0 0.0 0.0 0.0 0.0 0.0 0.0 0.0 0.0 0.3979400086720376 0.6989700043360189 0.6989700043360189 0.6989700043360189 0.6989700043360189 0.6989700043360189 0.0 0.0 0.0 0.0 0.0 0.0 0.0 0.0 
0.0 0.0 0.0 0.3979400086720376 0.0 0.0 0.0 0.0 0.0 0.0 0.0 0.0 0.0 0.0 0.0 0.0 0.0 0.0 0.0 0.0 0.0 0.0 0.0 0.3979400086720376 0.0 0.0 0.0 0.0 0.0 0.6989700043360189 0.6989700043360189 0.6989700043360189 0.6989700043360189 0.6989700043360189 0.6989700043360189 0.6989700043360189 0.6989700043360189 
0.3979400086720376 0.6989700043360189 0.6989700043360189 0.3979400086720376 0.6989700043360189 0.6989700043360189 0.6989700043360189 0.6989700043360189 0.0 0.0 0.0 0.0 0.0 0.0 0.0 0.0 0.0 0.0 0.0 0.0 0.0 0.0 0.0 0.0 0.0 0.0 0.0 0.0 0.0 0.0 0.0 0.0 0.0 0.0 0.0 0.0 0.0 
0.0 0.0 0.0 0.0 0.0 0.0 0.0 0.0 0.6989700043360189 0.6989700043360189 0.6989700043360189 0.6989700043360189 0.6989700043360189 0.6989700043360189 0.6989700043360189 0.6989700043360189 0.6989700043360189 0.0 0.0 0.0 0.0 0.0 0.0 0.0 0.0 0.0 0.0 0.0 0.0 0.0 0.0 0.0 0.0 0.0 0.0 0.0 0.0 
0.3979400086720376 0.0 0.0 0.0 0.0 0.0 0.0 0.0 0.0 0.0 0.0 0.0 0.0 0.0 0.0 0.0 0.0 0.6989700043360189 0.6989700043360189 0.6989700043360189 0.6989700043360189 0.6989700043360189 0.6989700043360189 0.0 0.0 0.0 0.0 0.0 0.0 0.0 0.0 0.0 0.0 0.0 0.0 0.0 0.0 
0.0 0.0 0.0 0.0 0.0 0.0 0.0 0.0 0.0 0.0 0.0 0.0 0.0 0.0 0.0 0.0 0.0 0.0 0.0 0.0 0.0 0.0 0.0 0.3979400086720376 0.6989700043360189 0.6989700043360189 0.6989700043360189 0.6989700043360189 0.6989700043360189 0.0 0.0 0.0 0.0 0.0 0.0 0.0 0.0 
0.0 0.0 0.0 0.3979400086720376 0.0 0.0 0.0 0.0 0.0 0.0 0.0 0.0 0.0 0.0 0.0 0.0 0.0 0.0 0.0 0.0 0.0 0.0 0.0 0.3979400086720376 0.0 0.0 0.0 0.0 0.0 0.6989700043360189 0.6989700043360189 0.6989700043360189 0.6989700043360189 0.6989700043360189 0.6989700043360189 0.6989700043360189 0.6989700043360189 
0.3979400086720376 0.6989700043360189 0.6989700043360189 0.3979400086720376 0.6989700043360189 0.6989700043360189 0.6989700043360189 0.6989700043360189 0.0 0.0 0.0 0.0 0.0 0.0 0.0 0.0 0.0 0.0 0.0 0.0 0.0 0.0 0.0 0.0 0.0 0.0 0.0 0.0 0.0 0.0 0.0 0.0 0.0 0.0 0.0 0.0 0.0 
0.0 0.0 0.0 0.0 0.0 0.0 0.0 0.0 0.6989700043360189 0.6989700043360189 0.6989700043360189 0.6989700043360189 0.6989700043360189 0.6989700043360189 0.6989700043360189 0.6989700043360189 0.6989700043360189 0.0 0.0 0.0 0.0 0.0 0.0 0.0 0.0 0.0 0.0 0.0 0.0 0.0 0.0 0.0 0.0 0.0 0.0 0.0 0.0 
0.3979400086720376 0.0 0.0 0.0 0.0 0.0 0.0 0.0 0.0 0.0 0.0 0.0 0.0 0.0 0.0 0.0 0.0 0.6989700043360189 0.6989700043360189 0.6989700043360189 0.6989700043360189 0.6989700043360189 0.6989700043360189 0.0 0.0 0.0 0.0 0.0 0.0 0.0 0.0 0.0 0.0 0.0 0.0 0.0 0.0 
0.0 0.0 0.0 0.0 0.0 0.0 0.0 0.0 0.0 0.0 0.0 0.0 0.0 0.0 0.0 0.0 0.0 0.0 0.0 0.0 0.0 0.0 0.0 0.3979400086720376 0.6989700043360189 0.6989700043360189 0.6989700043360189 0.6989700043360189 0.6989700043360189 0.0 0.0 0.0 0.0 0.0 0.0 0.0 0.0 
0.0 0.0 0.0 0.3979400086720376 0.0 0.0 0.0 0.0 0.0 0.0 0.0 0.0 0.0 0.0 0.0 0.0 0.0 0.0 0.0 0.0 0.0 0.0 0.0 0.3979400086720376 0.0 0.0 0.0 0.0 0.0 0.6989700043360189 0.6989700043360189 0.6989700043360189 0.6989700043360189 0.6989700043360189 0.6989700043360189 0.6989700043360189 0.6989700043360189 
0.3979400086720376 0.6989700043360189 0.6989700043360189 0.3979400086720376 0.6989700043360189 0.6989700043360189 0.6989700043360189 0.6989700043360189 0.0 0.0 0.0 0.0 0.0 0.0 0.0 0.0 0.0 0.0 0.0 0.0 0.0 0.0 0.0 0.0 0.0 0.0 0.0 0.0 0.0 0.0 0.0 0.0 0.0 0.0 0.0 0.0 0.0 
0.0 0.0 0.0 0.0 0.0 0.0 0.0 0.0 0.6989700043360189 0.6989700043360189 0.6989700043360189 0.6989700043360189 0.6989700043360189 0.6989700043360189 0.6989700043360189 0.6989700043360189 0.6989700043360189 0.0 0.0 0.0 0.0 0.0 0.0 0.0 0.0 0.0 0.0 0.0 0.0 0.0 0.0 0.0 0.0 0.0 0.0 0.0 0.0 
0.3979400086720376 0.0 0.0 0.0 0.0 0.0 0.0 0.0 0.0 0.0 0.0 0.0 0.0 0.0 0.0 0.0 0.0 0.6989700043360189 0.6989700043360189 0.6989700043360189 0.6989700043360189 0.6989700043360189 0.6989700043360189 0.0 0.0 0.0 0.0 0.0 0.0 0.0 0.0 0.0 0.0 0.0 0.0 0.0 0.0 
0.0 0.0 0.0 0.0 0.0 0.0 0.0 0.0 0.0 0.0 0.0 0.0 0.0 0.0 0.0 0.0 0.0 0.0 0.0 0.0 0.0 0.0 0.0 0.3979400086720376 0.6989700043360189 0.6989700043360189 0.6989700043360189 0.6989700043360189 0.6989700043360189 0.0 0.0 0.0 0.0 0.0 0.0 0.0 0.0 
0.0 0.0 0.0 0.3979400086720376 0.0 0.0 0.0 0.0 0.0 0.0 0.0 0.0 0.0 0.0 0.0 0.0 0.0 0.0 0.0 0.0 0.0 0.0 0.0 0.3979400086720376 0.0 0.0 0.0 0.0 0.0 0.6989700043360189 0.6989700043360189 0.6989700043360189 0.6989700043360189 0.6989700043360189 0.6989700043360189 0.6989700043360189 0.6989700043360189 
0.3979400086720376 0.6989700043360189 0.6989700043360189 0.3979400086720376 0.6989700043360189 0.6989700043360189 0.6989700043360189 0.6989700043360189 0.0 0.0 0.0 0.0 0.0 0.0 0.0 0.0 0.0 0.0 0.0 0.0 0.0 0.0 0.0 0.0 0.0 0.0 0.0 0.0 0.0 0.0 0.0 0.0 0.0 0.0 0.0 0.0 0.0 
0.0 0.0 0.0 0.0 0.0 0.0 0.0 0.0 0.6989700043360189 0.6989700043360189 0.6989700043360189 0.6989700043360189 0.6989700043360189 0.6989700043360189 0.6989700043360189 0.6989700043360189 0.6989700043360189 0.0 0.0 0.0 0.0 0.0 0.0 0.0 0.0 0.0 0.0 0.0 0.0 0.0 0.0 0.0 0.0 0.0 0.0 0.0 0.0 
0.3979400086720376 0.0 0.0 0.0 0.0 0.0 0.0 0.0 0.0 0.0 0.0 0.0 0.0 0.0 0.0 0.0 0.0 0.6989700043360189 0.6989700043360189 0.6989700043360189 0.6989700043360189 0.6989700043360189 0.6989700043360189 0.0 0.0 0.0 0.0 0.0 0.0 0.0 0.0 0.0 0.0 0.0 0.0 0.0 0.0 
0.0 0.0 0.0 0.0 0.0 0.0 0.0 0.0 0.0 0.0 0.0 0.0 0.0 0.0 0.0 0.0 0.0 0.0 0.0 0.0 0.0 0.0 0.0 0.3979400086720376 0.6989700043360189 0.6989700043360189 0.6989700043360189 0.6989700043360189 0.6989700043360189 0.0 0.0 0.0 0.0 0.0 0.0 0.0 0.0 
0.0 0.0 0.0 0.3979400086720376 0.0 0.0 0.0 0.0 0.0 0.0 0.0 0.0 0.0 0.0 0.0 0.0 0.0 0.0 0.0 0.0 0.0 0.0 0.0 0.3979400086720376 0.0 0.0 0.0 0.0 0.0 0.6989700043360189 0.6989700043360189 0.6989700043360189 0.6989700043360189 0.6989700043360189 0.6989700043360189 0.6989700043360189 0.6989700043360189 
0.3979400086720376 0.6989700043360189 0.6989700043360189 0.3979400086720376 0.6989700043360189 0.6989700043360189 0.6989700043360189 0.6989700043360189 0.0 0.0 0.0 0.0 0.0 0.0 0.0 0.0 0.0 0.0 0.0 0.0 0.0 0.0 0.0 0.0 0.0 0.0 0.0 0.0 0.0 0.0 0.0 0.0 0.0 0.0 0.0 0.0 0.0 
0.0 0.0 0.0 0.0 0.0 0.0 0.0 0.0 0.6989700043360189 0.6989700043360189 0.6989700043360189 0.6989700043360189 0.6989700043360189 0.6989700043360189 0.6989700043360189 0.6989700043360189 0.6989700043360189 0.0 0.0 0.0 0.0 0.0 0.0 0.0 0.0 0.0 0.0 0.0 0.0 0.0 0.0 0.0 0.0 0.0 0.0 0.0 0.0 
0.3979400086720376 0.0 0.0 0.0 0.0 0.0 0.0 0.0 0.0 0.0 0.0 0.0 0.0 0.0 0.0 0.0 0.0 0.6989700043360189 0.6989700043360189 0.6989700043360189 0.6989700043360189 0.6989700043360189 0.6989700043360189 0.0 0.0 0.0 0.0 0.0 0.0 0.0 0.0 0.0 0.0 0.0 0.0 0.0 0.0 
0.0 0.0 0.0 0.0 0.0 0.0 0.0 0.0 0.0 0.0 0.0 0.0 0.0 0.0 0.0 0.0 0.0 0.0 0.0 0.0 0.0 0.0 0.0 0.3979400086720376 0.6989700043360189 0.6989700043360189 0.6989700043360189 0.6989700043360189 0.6989700043360189 0.0 0.0 0.0 0.0 0.0 0.0 0.0 0.0 
0.0 0.0 0.0 0.3979400086720376 0.0 0.0 0.0 0.0 0.0 0.0 0.0 0.0 0.0 0.0 0.0 0.0 0.0 0.0 0.0 0.0 0.0 0.0 0.0 0.3979400086720376 0.0 0.0 0.0 0.0 0.0 0.6989700043360189 0.6989700043360189 0.6989700043360189 0.6989700043360189 0.6989700043360189 0.6989700043360189 0.6989700043360189 0.6989700043360189 
0.3979400086720376 0.6989700043360189 0.6989700043360189 0.3979400086720376 0.6989700043360189 0.6989700043360189 0.6989700043360189 0.6989700043360189 0.0 0.0 0.0 0.0 0.0 0.0 0.0 0.0 0.0 0.0 0.0 0.0 0.0 0.0 0.0 0.0 0.0 0.0 0.0 0.0 0.0 0.0 0.0 0.0 0.0 0.0 0.0 0.0 0.0 
0.0 0.0 0.0 0.0 0.0 0.0 0.0 0.0 0.6989700043360189 0.6989700043360189 0.6989700043360189 0.6989700043360189 0.6989700043360189 0.6989700043360189 0.6989700043360189 0.6989700043360189 0.6989700043360189 0.0 0.0 0.0 0.0 0.0 0.0 0.0 0.0 0.0 0.0 0.0 0.0 0.0 0.0 0.0 0.0 0.0 0.0 0.0 0.0 
0.3979400086720376 0.0 0.0 0.0 0.0 0.0 0.0 0.0 0.0 0.0 0.0 0.0 0.0 0.0 0.0 0.0 0.0 0.6989700043360189 0.6989700043360189 0.6989700043360189 0.6989700043360189 0.6989700043360189 0.6989700043360189 0.0 0.0 0.0 0.0 0.0 0.0 0.0 0.0 0.0 0.0 0.0 0.0 0.0 0.0 
0.0 0.0 0.0 0.0 0.0 0.0 0.0 0.0 0.0 0.0 0.0 0.0 0.0 0.0 0.0 0.0 0.0 0.0 0.0 0.0 0.0 0.0 0.0 0.3979400086720376 0.6989700043360189 0.6989700043360189 0.6989700043360189 0.6989700043360189 0.6989700043360189 0.0 0.0 0.0 0.0 0.0 0.0 0.0 0.0 
0.0 0.0 0.0 0.3979400086720376 0.0 0.0 0.0 0.0 0.0 0.0 0.0 0.0 0.0 0.0 0.0 0.0 0.0 0.0 0.0 0.0 0.0 0.0 0.0 0.3979400086720376 0.0 0.0 0.0 0.0 0.0 0.6989700043360189 0.6989700043360189 0.6989700043360189 0.6989700043360189 0.6989700043360189 0.6989700043360189 0.6989700043360189 0.6989700043360189 
